The data folder should contain the following folders with the data:

10253	10293	12823	12897	13022	14078	15513	16570	9041	9255
10254	10295	12824	12898	13023	14079	15514	16895	9043	9256
10255	10299	12826	12900	13024	14081	15515	16896	9044	9257
10256	10300	12867	12901	13025	14082	15516	8863	9073	9258
10257	10301	12868	12905	13106	14153	15632	8864	9075	9259
10258	10302	12869	12906	13400	14154	15633	8865	9076	9260
10259	10303	12870	12907	13401	14155	15634	8867	9077	9261
10260	10304	12871	12908	13402	14156	15839	8913	9078	9262
10261	10305	12872	12909	13403	14157	15840	8914	9081	9265
10262	10306	12873	12910	13404	14188	15902	8916	9083	9266
10264	10307	12875	12911	13458	14189	15903	8917	9123	9267
10268	10308	12876	12929	13459	14190	16014	8918	9124	9290
10269	12241	12877	12930	13460	14191	16085	8950	9125	9291
10272	12242	12878	12931	13461	14192	16165	8951	9126	9319
10273	12626	12879	12932	13462	14209	16166	8955	9135	9320
10274	12748	12880	12933	13591	14210	16167	8956	9173	9321
10275	12749	12881	12934	13613	14211	16531	8957	9174	9322
10276	12750	12882	12935	13616	14212	16532	8959	9175	9323
10277	12751	12883	12947	13617	14213	16533	8974	9176	9324
10278	12752	12884	12948	13666	14304	16534	8975	9177	9325
10279	12810	12886	12949	13687	14305	16550	8980	9178	9344
10282	12811	12890	12951	13688	14306	16551	8984	9181	9345
10285	12817	12891	12954	13689	14321	16552	9022	9225	9346
10286	12818	12892	12955	13691	15471	16553	9023	9226	9347
10288	12819	12893	13018	13692	15472	16554	9029	9227	9381
10290	12820	12894	13019	13693	15473	16555	9035	9228	9382
10291	12821	12895	13020	13694	15510	16568	9036	9250	9383
10292	12822	12896	13021	13916	15512	16569	9037	9254

After padding the images with the pad_data() function there should also be a
folder that contains all images called:

padded